temp up:
16:59:13
[I]
[remote:088]
Received 200 raw IR codes
16:59:13
[I]
[remote.raw:028]
Received Raw: 9069, -4487, 565, -1683, 561, -1695, 557, -567, 536, -545, 561, -551, 558, -553, 561, -584, 532, -1697, 564, -556, 536, -1691, 561, -1695, 561, -570, 535, -574, 536, -577, 537, -580, 536, -568, 536, -1713, 536, -565, 534, -567, 536, -570,
16:59:13
[I]
[remote.raw:028]
536, -574, 538, -580, 530, -582, 535, -569, 536, -560, 536, -563, 536, -567, 540, -565, 537, -1726, 536, -577, 536, -1735, 534, -570, 535, -560, 536, -564, 535, -567, 535, -571, 536, -574, 541, -572, 535, -585, 538, -563, 538, -558, 541, -558, 535,
16:59:13
[I]
[remote.raw:028]
-568, 535, -571, 537, -572, 536, -577, 536, -584, 532, -563, 530, -8030, 530, -1714, 534, -565, 535, -567, 536, -570, 536, -574, 535, -577, 535, -1734, 536, -1722, 539, -1709, 535, -1718, 534, -567, 536, -1723, 536, -1731, 531, -1730, 536, -584, 532,
16:59:13
[I]
[remote.raw:028]
-1722, 536, -560, 535, -564, 536, -567, 536, -571, 534, -582, 528, -578, 535, -582, 535, -569, 535, -561, 535, -564, 535, -568, 537, -584, 520, -579, 533, -576, 535, -582, 534, -570, 536, -560, 535, -564, 535, -568, 535, -571, 534, -575, 536, -577,
16:59:13
[I]
[remote.raw:028]
535, -582, 540, -565, 535, -561, 534, -565, 535, -571, 531, -572, 534, -575, 535, -578, 535, -582, 534, -571, 534, -561, 534, -565, 534, -569, 536, -570, 512, -605, 505, -601, 512, -612, 504, -568, 537, -1736, 511, -1716, 537, -565, 537, -1723, 536,
16:59:13
[I]
[remote.raw:028]
-573, 536, -1738, 528, -580, 537, -555, 537, -8025, 536, -562, 539, -558, 536, -566, 537, -575, 536, -570, 534, -602, 512, -581, 535, -596, 509, -584, 511, -1724, 528, -594, 509, -595, 511, -598, 512, -602, 511, -606, 511, -594, 510, -585, 511, -588,
16:59:13
[I]
[remote.raw:028]
511, -592, 511, -601, 505, -600, 510, -602, 511, -605, 517, -588, 511, -585, 510, -589, 511, -591, 511, -596, 510, -599, 511, -602, 511, -606, 510, -1750, 512, -581, 511, -588, 511, -592, 513, -1746, 510, -599, 511, -605, 508, -606, 510, -595, 510,
16:59:13
[I]
[remote.raw:041]
-585, 510, -589, 511, -592, 510, -597, 510, -599, 510, -603, 510, -607, 510, -596, 512, -589, 503, -1745, 507, -592, 510, -1749, 510, -602, 508, -611, 502, -606, 510, -1735, 510




Temp down:
16:59:58
[I]
[remote:088]
Received 200 raw IR codes
16:59:58
[I]
[remote.raw:028]
Received Raw: 245, -850, 203, -911, 201, -907, 520, -597, 592, -513, 592, -504, 591, -536, 564, -511, 591, -514, 594, -1669, 595, -518, 591, -1678, 592, -513, 593, -503, 594, -505, 595, -509, 594, -539, 567, -544, 566, -575, 538, -579, 537, -568, 537,
16:59:58
[I]
[remote.raw:028]
-559, 537, -562, 536, -567, 536, -570, 536, -574, 536, -577, 536, -581, 536, -561, 531, -8025, 537, -1712, 536, -563, 536, -567, 535, -546, 560, -580, 531, -579, 532, -1734, 538, -1720, 535, -1691, 557, -1692, 560, -543, 560, -1722, 536, -1726, 537,
16:59:58
[I]
[remote.raw:028]
-1705, 567, -550, 560, -1722, 536, -562, 538, -559, 536, -567, 536, -546, 560, -549, 560, -578, 539, -577, 537, -568, 536, -560, 536, -563, 535, -567, 536, -572, 534, -574, 536, -578, 535, -581, 536, -569, 536, -560, 536, -563, 535, -570, 533, -573,
16:59:58
[I]
[remote.raw:028]
533, -574, 536, -578, 537, -579, 536, -569, 536, -560, 535, -564, 535, -570, 533, -571, 535, -576, 534, -578, 535, -582, 535, -575, 530, -560, 535, -564, 536, -567, 535, -570, 536, -579, 536, -572, 536, -585, 531, -569, 537, -1712, 535, -1717, 535,
16:59:58
[I]
[remote.raw:028]
-567, 535, -1724, 535, -574, 535, -1731, 536, -581, 535, -557, 542, -8022, 533, -560, 536, -564, 535, -567, 536, -570, 536, -574, 535, -578, 535, -582, 534, -573, 533, -560, 535, -1717, 535, -568, 535, -573, 533, -575, 534, -579, 534, -582, 535, -571,
16:59:58
[I]
[remote.raw:028]
534, -561, 535, -564, 535, -568, 534, -572, 534, -576, 534, -579, 534, -582, 535, -570, 537, -559, 535, -564, 535, -568, 534, -572, 534, -577, 533, -579, 534, -582, 534, -572, 533, -568, 528, -565, 534, -568, 534, -1725, 534, -576, 534, -579, 541,
16:59:58
[I]
[remote.raw:041]
-575, 534, -571, 533, -563, 533, -568, 509, -592, 535, -571, 511, -599, 511, -603, 510, -606, 533, -571, 511, -584, 512, -1741, 513, -589, 511, -1748, 514, -595, 511, -603, 511, -605, 511, -581, 511
16:59:59
[D]
[text_sensor:064]
'Compiled On': Sending state 'innovair-70.yaml at 2025-06-07 16:51:00'






Swing:
17:00:55
[I]
[remote:088]
Received 200 raw IR codes
17:00:55
[I]
[remote.raw:028]
Received Raw: 9022, -4485, 537, -1711, 537, -1716, 537, -565, 538, -569, 537, -572, 538, -575, 538, -580, 542, -1715, 537, -558, 537, -1717, 534, -1720, 536, -570, 538, -572, 537, -576, 537, -580, 536, -568, 537, -1712, 537, -562, 537, -567, 535, -570,
17:00:55
[I]
[remote.raw:028]
536, -578, 531, -577, 537, -580, 537, -568, 543, -553, 536, -563, 536, -567, 536, -572, 534, -1751, 511, -601, 512, -1758, 511, -594, 513, -583, 512, -586, 520, -583, 512, -594, 512, -598, 512, -602, 511, -605, 511, -594, 512, -583, 514, -591, 506,
17:00:55
[I]
[remote.raw:028]
-591, 511, -596, 511, -605, 504, -609, 504, -606, 519, -573, 510, -8054, 509, -585, 510, -1742, 510, -593, 510, -596, 510, -602, 508, -603, 510, -1759, 510, -1750, 508, -587, 516, -582, 510, -593, 510, -596, 510, -600, 510, -603, 510, -606, 510, -1748,
17:00:55
[I]
[remote.raw:028]
513, -583, 510, -589, 510, -593, 516, -590, 510, -600, 509, -604, 510, -614, 502, -1748, 510, -587, 509, -590, 512, -590, 510, -596, 510, -602, 508, -604, 509, -607, 510, -595, 509, -587, 509, -590, 509, -593, 518, -589, 517, -593, 509, -603, 510,
17:00:55
[I]
[remote.raw:028]
-607, 510, -595, 510, -588, 507, -590, 510, -595, 507, -597, 509, -600, 517, -596, 510, -607, 513, -599, 503, -592, 504, -588, 511, -598, 504, -599, 508, -599, 510, -603, 510, -607, 510, -594, 512, -1737, 509, -1743, 515, -587, 511, -597, 508, -1754,
17:00:55
[I]
[remote.raw:028]
509, -603, 512, -604, 511, -1734, 519, -8044, 509, -588, 508, -595, 504, -593, 510, -596, 510, -625, 486, -627, 484, -638, 479, -621, 484, -616, 480, -615, 484, -618, 484, -1777, 482, -626, 492, -649, 455, -660, 463, -651, 448, -640, 460, -641, 453,
17:00:55
[I]
[remote.raw:041]
-647, 455, -681, 433, -699, 402, -816, 296
17:00:55
[I]
[remote:088]
Received 32 raw IR codes
17:00:55
[I]
[remote.raw:041]
Received Raw: 160, -603, 565, -539, 565, -543, 563, -547, 565, -549, 562, -554, 562, -543, 562, -534, 561, -538, 561, -541, 562, -545, 561, -548, 562, -555, 557, -556, 561, -531, 560
17:00:59
[D]
[text_sensor:064]
'Compiled On': Sending state 'innovair-70.yaml at 2025-06-07 16:51:00'







Sleep:
17:02:10
[I]
[remote:088]
Received 200 raw IR codes
17:02:10
[I]
[remote.raw:028]
Received Raw: 9042, -4512, 540, -1708, 536, -1716, 537, -566, 537, -569, 536, -574, 536, -577, 537, -579, 537, -1721, 537, -559, 536, -1715, 537, -1719, 537, -569, 537, -573, 537, -585, 528, -581, 544, -560, 536, -1712, 536, -1716, 542, -561, 536, -1723,
17:02:10
[I]
[remote.raw:028]
540, -570, 536, -577, 536, -580, 536, -569, 536, -560, 536, -564, 538, -564, 537, -574, 531, -1727, 536, -577, 536, -1734, 536, -569, 536, -536, 560, -538, 561, -542, 561, -545, 561, -548, 568, -546, 564, -552, 562, -543, 562, -534, 561, -538, 562,
17:02:10
[I]
[remote.raw:028]
-541, 569, -537, 561, -551, 559, -552, 564, -553, 561, -531, 563, -8001, 567, -530, 535, -1715, 538, -564, 538, -569, 537, -572, 538, -575, 538, -1732, 559, -1699, 537, -558, 537, -1716, 537, -565, 537, -569, 538, -574, 536, -575, 538, -579, 537,
17:02:10
[I]
[remote.raw:028]
-1721, 560, -536, 559, -540, 559, -543, 562, -544, 560, -551, 559, -554, 560, -556, 560, -546, 559, -537, 559, -539, 560, -543, 560, -546, 560, -550, 560, -554, 559, -558, 559, -547, 558, -536, 560, -539, 560, -543, 560, -546, 560, -550, 560, -557,
17:02:10
[I]
[remote.raw:028]
556, -557, 559, -546, 559, -536, 562, -538, 559, -548, 555, -547, 559, -550, 560, -554, 559, -557, 560, -545, 560, -542, 553, -540, 560, -543, 559, -547, 562, -548, 560, -553, 560, -557, 559, -546, 559, -1695, 553, -1693, 562, -540, 560, -1703, 556,
17:02:10
[I]
[remote.raw:028]
-1711, 552, -554, 559, -558, 559, -532, 563, -8000, 559, -541, 555, -540, 562, -543, 556, -548, 565, -544, 559, -563, 550, -558, 559, -545, 559, -1690, 559, -1693, 559, -548, 556, -546, 558, -551, 537, -577, 536, -581, 536, -569, 536, -585, 514, -584,
17:02:10
[I]
[remote.raw:028]
512, -591, 511, -595, 512, -598, 511, -602, 516, -603, 509, -593, 520, -576, 511, -589, 511, -591, 517, -589, 511, -599, 511, -602, 511, -606, 511, -595, 510, -585, 511, -588, 511, -596, 506, -1752, 507, -599, 511, -602, 511, -606, 510, -596, 517,
17:02:10
[I]
[remote.raw:041]
-578, 510, -590, 509, -619, 484, -622, 485, -631, 477, -630, 483, -637, 480, -648, 457, -1792, 458, -1821, 428, -726, 374






Super (Turbo):
17:03:27
[I]
[remote:088]
Received 2 raw IR codes
17:03:27
[I]
[remote.raw:041]
Received Raw: 9040
17:03:27
[I]
[remote:088]
Received 200 raw IR codes
17:03:27
[I]
[remote.raw:028]
Received Raw: 381, -636, 481, -591, 509, -593, 514, -567, 535, -574, 536, -1729, 537, -1733, 536, -1726, 531, -536, 560, -540, 560, -542, 561, -569, 536, -551, 559, -577, 536, -556, 561, -569, 536, -535, 560, -540, 560, -567, 541, -540, 560, -1727, 535,
17:03:27
[I]
[remote.raw:028]
-578, 536, -580, 536, -1709, 536, -8027, 539, -556, 536, -1716, 536, -567, 536, -570, 543, -567, 535, -577, 536, -1734, 538, -1719, 536, -1717, 531, -1716, 536, -567, 536, -575, 531, -574, 541, -572, 536, -580, 536, -1722, 536, -560, 535, -564, 535,
17:03:27
[I]
[remote.raw:028]
-568, 535, -571, 535, -575, 535, -578, 535, -582, 535, -573, 532, -560, 535, -564, 535, -570, 533, -571, 535, -579, 531, -578, 535, -581, 535, -571, 534, -562, 536, -563, 534, -568, 535, -574, 532, -575, 535, -579, 534, -583, 534, -572, 533, -561, 534,
17:03:27
[I]
[remote.raw:028]
-565, 535, -568, 534, -572, 534, -576, 537, -576, 534, -583, 542, -563, 534, -562, 534, -565, 534, -571, 531, -573, 534, -582, 528, -579, 533, -583, 534, -571, 533, -1715, 534, -566, 536, -566, 534, -572, 533, -1729, 536, -1731, 511, -605, 534, -558,
17:03:27
[I]
[remote.raw:028]
512, -8052, 511, -585, 510, -593, 507, -591, 511, -597, 510, -599, 510, -602, 513, -610, 506, -593, 511, -585, 511, -588, 510, -1747, 516, -591, 508, -599, 511, -602, 518, -599, 515, -590, 511, -585, 510, -589, 511, -592, 510, -596, 511, -599, 510,
17:03:27
[I]
[remote.raw:028]
-603, 511, -607, 512, -591, 515, -585, 507, -588, 511, -599, 504, -595, 513, -597, 511, -602, 511, -606, 511, -594, 511, -585, 511, -588, 511, -591, 511, -1749, 511, -598, 511, -602, 511, -606, 511, -594, 512, -584, 511, -588, 511, -592, 510, -596,
17:03:27
[I]
[remote.raw:041]
511, -599, 511, -602, 511, -605, 511, -594, 511, -585, 511, -590, 509, -1748, 506, -1750, 510, -599, 511, -604, 509, -606, 511, -581, 510





Smart (non-functional on the remote.)





iFeel:
17:08:17
[I]
[remote:088]
Received 122 raw IR codes
17:08:17
[I]
[remote.raw:028]
Received Raw: 9036, -4488, 558, -1690, 535, -1742, 510, -594, 532, -573, 533, -551, 535, -579, 535, -580, 537, -1747, 510, -586, 509, -1716, 536, -1755, 500, -598, 509, -600, 509, -604, 509, -608, 508, -621, 451, -647, 481, -593, 507, -594, 505, -602,
17:08:17
[I]
[remote.raw:028]
507, -602, 503, -611, 512, -603, 500, -631, 447, -652, 447, -648, 451, -657, 445, -681, 451, -633, 449, -1823, 387, -1877, 445, -1812, 449, -695, 433, -670, 202, -902, 339, -688, 499, -690, 337, -723, 202, -888, 393, -786, 210, -837, 451, -727, 203,
17:08:17
[I]
[remote.raw:041]
-848, 286, -845, 340, -1871, 336, -849, 384, -687, 282, -832, 346, -8293, 266, -753, 206, -2047, 202, -928, 200, -939, 196, -905, 204, -6525, 383, -673, 196, -1080, 272, -5255, 201, -6431, 206





Dimmer:
17:08:49
[I]
[remote:088]
Received 200 raw IR codes
17:08:49
[I]
[remote.raw:028]
Received Raw: 9037, -4489, 558, -1688, 569, -1683, 564, -538, 562, -544, 562, -548, 561, -552, 562, -554, 562, -1696, 568, -531, 558, -1691, 561, -1696, 559, -545, 562, -548, 564, -549, 561, -556, 568, -538, 562, -532, 561, -538, 561, -542, 561, -545,
17:08:49
[I]
[remote.raw:028]
561, -548, 561, -553, 561, -555, 561, -544, 563, -533, 561, -538, 565, -540, 559, -544, 562, -548, 561, -1705, 560, -1709, 561, -1697, 563, -532, 561, -538, 561, -542, 561, -545, 561, -548, 561, -560, 554, -555, 561, -544, 561, -537, 566, -531, 560,
17:08:49
[I]
[remote.raw:028]
-543, 560, -545, 561, -1701, 561, -553, 569, -548, 560, -532, 560, -8001, 561, -538, 557, -1691, 562, -545, 556, -546, 560, -549, 560, -1705, 561, -1708, 565, -1693, 561, -535, 561, -538, 561, -541, 561, -1699, 560, -549, 560, -553, 561, -555, 561,
17:08:49
[I]
[remote.raw:028]
-1699, 558, -536, 560, -539, 560, -542, 560, -546, 561, -549, 560, -553, 561, -555, 560, -545, 565, -530, 561, -539, 560, -542, 561, -545, 561, -549, 560, -553, 561, -556, 560, -548, 557, -535, 560, -539, 560, -545, 558, -546, 562, -547, 560, -553,
17:08:49
[I]
[remote.raw:028]
561, -556, 561, -544, 562, -534, 560, -541, 558, -549, 553, -546, 560, -554, 556, -553, 560, -556, 560, -1697, 560, -1688, 560, -1692, 560, -543, 560, -546, 562, -547, 559, -1707, 560, -557, 560, -544, 560, -1689, 559, -540, 562, -540, 560, -1699, 559,
17:08:49
[I]
[remote.raw:028]
-1703, 559, -1715, 551, -558, 559, -532, 560, -8002, 562, -542, 551, -540, 559, -543, 562, -545, 559, -550, 560, -553, 559, -557, 563, -543, 567, -528, 560, -539, 560, -543, 559, -547, 559, -551, 558, -555, 560, -556, 559, -547, 559, -536, 559, -540,
17:08:49
[I]
[remote.raw:028]
559, -543, 559, -548, 558, -552, 558, -554, 559, -565, 552, -546, 536, -560, 558, -541, 536, -566, 536, -571, 536, -574, 535, -602, 511, -606, 511, -569, 536, -584, 511, -588, 514, -588, 519, -1741, 511, -598, 511, -603, 510, -606, 511, -594, 515,
17:08:49
[I]
[remote.raw:041]
-580, 513, -593, 504, -592, 512, -594, 511, -599, 511, -608, 505, -606, 511, -594, 510, -585, 511, -588, 511, -594, 510, -1747, 515, -595, 517, -596, 510, -606, 510, -582, 511






Timer On
Time
Level
Tag
Message
17:09:49
[I]
[remote:088]
Received 200 raw IR codes
17:09:49
[I]
[remote.raw:028]
Received Raw: 9043, -4509, 537, -1711, 537, -1715, 537, -566, 537, -570, 543, -567, 536, -577, 545, -571, 536, -1698, 561, -534, 561, -1694, 558, -1694, 562, -544, 562, -548, 563, -549, 562, -555, 562, -543, 562, -534, 562, -537, 564, -539, 563, -543,
17:09:49
[I]
[remote.raw:028]
562, -549, 561, -551, 562, -555, 561, -544, 561, -535, 561, -538, 561, -541, 562, -545, 561, -554, 556, -1703, 561, -1709, 561, -1704, 554, -534, 561, -539, 560, -543, 560, -546, 560, -549, 561, -552, 561, -556, 560, -545, 565, -531, 560, -539, 560,
17:09:49
[I]
[remote.raw:028]
-542, 561, -545, 561, -1709, 553, -553, 560, -556, 561, -532, 560, -8001, 562, -533, 567, -1686, 560, -542, 562, -548, 557, -557, 552, -556, 557, -1709, 560, -1697, 561, -1688, 562, -537, 560, -542, 560, -1700, 559, -550, 538, -576, 537, -579, 537,
17:09:49
[I]
[remote.raw:028]
-1722, 544, -551, 537, -562, 537, -566, 537, -569, 537, -573, 537, -578, 535, -579, 537, -568, 537, -559, 539, -561, 536, -566, 541, -573, 528, -573, 540, -574, 536, -580, 536, -569, 537, -559, 537, -562, 536, -567, 536, -569, 537, -574, 536, -577,
17:09:49
[I]
[remote.raw:028]
536, -582, 535, -568, 537, -559, 536, -563, 536, -567, 536, -570, 536, -573, 536, -577, 537, -580, 535, -1722, 542, -1706, 536, -1718, 540, -561, 536, -570, 536, -574, 536, -1730, 535, -581, 536, -569, 536, -560, 536, -565, 534, -566, 536, -1723, 536,
17:09:49
[I]
[remote.raw:028]
-1727, 537, -576, 535, -581, 536, -556, 536, -8051, 510, -584, 513, -587, 511, -593, 511, -594, 510, -599, 511, -602, 511, -605, 512, -593, 511, -1738, 511, -589, 513, -1742, 510, -595, 511, -599, 510, -603, 510, -606, 511, -594, 511, -592, 503, -589,
17:09:49
[I]
[remote.raw:028]
513, -590, 510, -596, 511, -598, 511, -603, 511, -605, 511, -602, 502, -586, 518, -581, 513, -597, 502, -596, 511, -599, 510, -603, 513, -606, 508, -595, 510, -585, 511, -588, 512, -591, 510, -1749, 510, -601, 508, -603, 511, -610, 506, -601, 504,
17:09:50
[I]
[remote.raw:041]
-587, 513, -584, 511, -592, 519, -587, 515, -595, 510, -603, 510, -606, 511, -594, 510, -1739, 518, -580, 510, -1745, 510, -1750, 509, -600, 510, -603, 510, -614, 503, -582, 509







Timer Off
Time
Level
Tag
Message
17:10:30
[I]
[remote:088]
Received 110 raw IR codes
17:10:30
[I]
[remote.raw:028]
Received Raw: 9021, -4532, 537, -1721, 526, -1718, 535, -567, 544, -562, 536, -574, 535, -578, 535, -581, 535, -1732, 527, -559, 536, -1720, 532, -1719, 543, -564, 534, -575, 535, -581, 532, -582, 534, -573, 532, -562, 512, -586, 513, -590, 512, -594,
17:10:30
[I]
[remote.raw:028]
512, -598, 512, -608, 505, -606, 512, -594, 511, -584, 511, -589, 511, -595, 507, -596, 512, -597, 511, -1755, 510, -1759, 514, -1745, 515, -605, 484, -615, 488, -618, 488, -619, 488, -618, 490, -624, 483, -633, 483, -622, 483, -638, 457, -643, 456,
17:10:30
[I]
[remote.raw:041]
-646, 457, -650, 456, -1806, 456, -687, 426, -687, 429, -665, 427, -8186, 381, -688, 401, -1903, 349, -780, 325, -805, 199








clock:
Time
Level
Tag
Message
17:11:59
[D]
[text_sensor:064]
'Compiled On': Sending state 'innovair-70.yaml at 2025-06-07 16:51:00'
17:12:00
[I]
[remote:088]
Received 200 raw IR codes
17:12:00
[I]
[remote.raw:028]
Received Raw: 9012, -4482, 617, -1631, 617, -1636, 616, -491, 612, -489, 616, -494, 616, -497, 616, -500, 616, -1642, 623, -472, 616, -1636, 616, -1639, 618, -488, 616, -494, 616, -497, 616, -500, 616, -489, 616, -480, 592, -507, 616, -486, 593, -513,
17:12:00
[I]
[remote.raw:028]
592, -518, 622, -491, 616, -501, 615, -489, 617, -479, 615, -484, 615, -487, 616, -491, 615, -493, 593, -1682, 606, -1654, 592, -1671, 610, -481, 592, -507, 592, -519, 584, -513, 594, -517, 593, -519, 602, -516, 595, -511, 594, -501, 594, -536, 563,
17:12:00
[I]
[remote.raw:028]
-567, 543, -561, 538, -1725, 541, -572, 536, -559, 558, -531, 565, -7996, 561, -534, 566, -1688, 560, -540, 567, -539, 562, -551, 559, -551, 561, -1708, 562, -1695, 562, -1687, 561, -1697, 562, -535, 560, -1700, 559, -573, 537, -577, 536, -583, 534,
17:12:00
[I]
[remote.raw:028]
-568, 537, -559, 536, -563, 536, -566, 537, -570, 536, -574, 535, -577, 536, -581, 536, -569, 536, -559, 536, -565, 535, -566, 538, -568, 536, -574, 536, -581, 532, -580, 537, -543, 561, -539, 559, -536, 561, -549, 554, -544, 569, -541, 568, -545, 562,
17:12:00
[I]
[remote.raw:028]
-560, 558, -550, 553, -534, 562, -537, 562, -541, 561, -546, 560, -549, 561, -553, 560, -556, 560, -1697, 560, -1688, 560, -1692, 560, -543, 560, -546, 559, -550, 559, -1707, 560, -564, 531, -567, 537, -558, 559, -1693, 563, -539, 537, -1721, 538,
17:12:01
[I]
[remote.raw:028]
-1725, 537, -576, 537, -580, 539, -1705, 537, -8028, 534, -558, 537, -562, 545, -560, 535, -568, 538, -577, 532, -576, 537, -579, 537, -568, 537, -559, 537, -562, 537, -565, 538, -569, 539, -570, 537, -576, 539, -578, 537, -568, 537, -565, 532, -560,
17:12:01
[I]
[remote.raw:028]
537, -566, 542, -564, 537, -573, 537, -581, 532, -579, 537, -571, 534, -558, 538, -568, 530, -566, 543, -563, 537, -573, 536, -583, 531, -580, 536, -568, 537, -560, 536, -562, 536, -566, 537, -1722, 537, -573, 536, -577, 537, -579, 537, -568, 537,
17:12:01
[I]
[remote.raw:041]
-558, 537, -563, 536, -566, 536, -570, 537, -573, 538, -575, 536, -581, 536, -570, 535, -559, 539, -560, 544, -558, 536, -1723, 537, -572, 537, -580, 533, -589, 528, -555, 536







swing:
Time
Level
Tag
Message
17:12:37
[I]
[remote:088]
Received 200 raw IR codes
17:12:37
[I]
[remote.raw:028]
Received Raw: 9040, -4512, 535, -1712, 536, -1716, 536, -567, 535, -571, 536, -573, 536, -578, 535, -581, 539, -1719, 537, -557, 543, -1709, 535, -1721, 534, -572, 535, -575, 535, -577, 535, -582, 536, -575, 529, -561, 535, -565, 533, -569, 543, -562,
17:12:37
[I]
[remote.raw:028]
536, -574, 535, -585, 528, -581, 535, -570, 535, -561, 534, -564, 540, -563, 535, -571, 535, -574, 535, -1730, 541, -1733, 530, -1723, 535, -560, 535, -564, 535, -568, 535, -571, 534, -575, 539, -574, 535, -582, 535, -570, 535, -564, 531, -564, 536,
17:12:37
[I]
[remote.raw:028]
-567, 535, -570, 535, -1732, 531, -578, 540, -577, 535, -556, 536, -8032, 528, -563, 533, -1717, 535, -569, 534, -571, 537, -572, 541, -572, 535, -1734, 535, -1723, 534, -561, 535, -565, 533, -1721, 534, -1731, 528, -576, 534, -579, 534, -588, 534,
17:12:37
[I]
[remote.raw:028]
-571, 528, -561, 534, -566, 534, -568, 534, -572, 534, -584, 525, -580, 533, -583, 534, -1724, 534, -561, 533, -566, 534, -569, 533, -573, 533, -578, 532, -579, 534, -585, 509, -594, 512, -584, 510, -588, 534, -569, 511, -595, 511, -602, 508, -601,
17:12:38
[I]
[remote.raw:028]
511, -606, 511, -594, 513, -582, 511, -588, 511, -592, 511, -596, 510, -605, 509, -597, 511, -606, 511, -1747, 510, -1738, 510, -1740, 513, -592, 509, -595, 511, -598, 511, -1755, 511, -609, 514, -593, 505, -1737, 517, -582, 511, -1744, 511, -1748,
17:12:38
[I]
[remote.raw:028]
510, -1752, 515, -598, 511, -606, 510, -587, 505, -8051, 510, -586, 510, -589, 509, -618, 485, -621, 488, -629, 477, -628, 485, -632, 485, -620, 485, -611, 484, -615, 484, -618, 488, -1771, 484, -625, 484, -629, 484, -634, 483, -621, 483, -612, 484,
17:12:38
[I]
[remote.raw:028]
-615, 484, -618, 485, -622, 484, -625, 484, -629, 484, -633, 484, -620, 491, -605, 484, -615, 486, -617, 483, -623, 484, -625, 484, -629, 484, -633, 483, -621, 484, -612, 484, -615, 484, -618, 484, -1775, 484, -625, 488, -625, 485, -632, 484, -621,
17:12:38
[I]
[remote.raw:041]
486, -609, 484, -615, 484, -619, 484, -627, 479, -625, 486, -628, 483, -633, 484, -621, 484, -611, 484, -615, 491, -612, 483, -626, 481, -626, 485, -628, 483, -633, 484, -608, 484








Mute:
17:12:59
[D]
[text_sensor:064]
'Compiled On': Sending state 'innovair-70.yaml at 2025-06-07 16:51:00'
17:13:03
[I]
[remote:088]
Received 200 raw IR codes
17:13:03
[I]
[remote.raw:028]
Received Raw: 9040, -4488, 559, -1687, 561, -1690, 562, -541, 562, -544, 562, -552, 557, -552, 562, -554, 562, -1696, 563, -532, 564, -1688, 561, -1694, 562, -544, 562, -547, 562, -552, 562, -557, 560, -542, 562, -1686, 564, -1688, 562, -540, 564, -542,
17:13:03
[I]
[remote.raw:028]
562, -549, 561, -551, 562, -555, 562, -544, 560, -534, 565, -540, 556, -541, 561, -544, 562, -1701, 561, -552, 561, -1708, 562, -543, 561, -536, 560, -538, 561, -546, 557, -547, 559, -549, 567, -546, 561, -582, 534, -569, 536, -559, 537, -562, 538,
17:13:03
[I]
[remote.raw:028]
-565, 536, -570, 536, -575, 537, -575, 536, -580, 536, -556, 536, -8025, 535, -560, 535, -1717, 535, -567, 536, -574, 534, -572, 536, -577, 535, -1739, 531, -1723, 534, -565, 530, -564, 535, -1720, 535, -1724, 535, -575, 534, -579, 535, -584, 532,
17:13:03
[I]
[remote.raw:028]
-570, 541, -555, 541, -558, 534, -573, 530, -571, 537, -573, 534, -579, 534, -582, 535, -570, 534, -562, 534, -572, 527, -568, 534, -573, 533, -576, 534, -579, 534, -583, 533, -572, 533, -562, 533, -566, 533, -570, 533, -573, 533, -585, 525, -586, 527,
17:13:03
[I]
[remote.raw:028]
-584, 532, -572, 535, -569, 525, -566, 533, -570, 510, -620, 508, -603, 506, -606, 511, -580, 532, -1725, 533, -1715, 533, -1719, 533, -594, 509, -597, 508, -601, 508, -1733, 533, -609, 507, -598, 488, -608, 506, -1720, 532, -1722, 533, -1730, 528,
17:13:03
[I]
[remote.raw:028]
-1754, 508, -1733, 537, -604, 508, -584, 508, -8028, 533, -587, 508, -591, 485, -1746, 532, -604, 480, -632, 499, -606, 490, -627, 485, -619, 486, -1762, 485, -1742, 510, -617, 485, -1774, 485, -627, 482, -628, 486, -631, 493, -617, 480, -613, 483,
17:13:03
[I]
[remote.raw:028]
-613, 485, -618, 485, -622, 484, -624, 485, -628, 485, -632, 485, -619, 485, -613, 483, -614, 485, -617, 486, -620, 485, -625, 490, -623, 485, -631, 486, -624, 480, -614, 485, -611, 485, -617, 485, -1774, 485, -624, 485, -629, 485, -631, 490, -615,
17:13:03
[I]
[remote.raw:041]
485, -610, 485, -614, 485, -618, 490, -616, 484, -625, 485, -628, 485, -635, 481, -620, 485, -1769, 478, -1767, 485, -1773, 482, -622, 484, -626, 485, -635, 477, -632, 492, -599, 485










8° Heat:
Time
Level
Tag
Message
17:14:21
[I]
[remote:088]
Received 200 raw IR codes
17:14:21
[I]
[remote.raw:028]
Received Raw: 9068, -4486, 561, -1690, 558, -1693, 559, -542, 561, -545, 561, -548, 562, -552, 561, -555, 561, -1697, 561, -535, 559, -1699, 553, -1695, 569, -537, 561, -573, 536, -553, 560, -556, 561, -568, 536, -1719, 530, -541, 558, -542, 568, -567,
17:14:21
[I]
[remote.raw:028]
536, -575, 530, -577, 536, -581, 536, -568, 540, -556, 536, -564, 536, -567, 534, -571, 535, -1727, 535, -577, 536, -1734, 535, -570, 535, -560, 536, -566, 533, -567, 535, -571, 535, -577, 533, -578, 535, -582, 535, -569, 535, -561, 535, -563, 540,
17:14:21
[I]
[remote.raw:028]
-567, 531, -571, 536, -574, 535, -578, 536, -580, 536, -556, 536, -8026, 538, -556, 536, -1717, 535, -567, 535, -572, 534, -575, 535, -577, 536, -1733, 537, -1721, 536, -567, 527, -1718, 534, -1720, 535, -1724, 535, -575, 539, -579, 530, -583, 534,
17:14:21
[I]
[remote.raw:028]
-569, 535, -561, 535, -564, 535, -576, 526, -572, 534, -575, 535, -578, 535, -582, 537, -572, 530, -565, 531, -564, 535, -568, 534, -572, 534, -576, 534, -579, 534, -582, 534, -571, 534, -562, 534, -565, 534, -568, 538, -568, 534, -576, 534, -579, 534,
17:14:21
[I]
[remote.raw:028]
-587, 537, -563, 534, -562, 534, -565, 534, -569, 534, -572, 534, -576, 542, -572, 510, -605, 511, -1750, 507, -1737, 511, -1741, 512, -595, 507, -595, 511, -598, 511, -1756, 510, -607, 510, -596, 509, -593, 502, -1741, 511, -1744, 510, -1749, 510,
17:14:21
[I]
[remote.raw:028]
-1752, 510, -1781, 485, -615, 502, -612, 480, -8076, 485, -611, 485, -614, 484, -626, 477, -621, 491, -622, 484, -628, 483, -631, 489, -616, 485, -612, 484, -614, 485, -618, 485, -626, 489, -616, 484, -629, 485, -631, 485, -620, 485, -611, 489, -610,
17:14:21
[I]
[remote.raw:028]
493, -610, 485, -621, 490, -619, 485, -630, 483, -633, 483, -621, 485, -611, 485, -614, 484, -622, 481, -622, 484, -625, 487, -627, 483, -633, 484, -621, 484, -612, 491, -608, 483, -619, 492, -1767, 484, -626, 484, -629, 484, -632, 484, -622, 491,
17:14:21
[I]
[remote.raw:041]
-604, 483, -624, 475, -620, 483, -630, 476, -633, 477, -630, 483, -658, 458, -651, 454, -612, 484, -641, 458, -644, 458, -1801, 463, -647, 458, -660, 452, -661, 456, -634, 464






Mode:
Time
Level
Tag
Message
17:17:55
[I]
[remote:088]
Received 200 raw IR codes
17:17:55
[I]
[remote.raw:028]
Received Raw: 8985, -4484, 537, -1736, 512, -1740, 513, -571, 531, -569, 544, -595, 507, -601, 514, -602, 512, -1746, 512, -583, 514, -1738, 518, -1738, 512, -596, 510, -597, 512, -603, 511, -580, 536, -568, 537, -559, 545, -578, 512, -591, 512, -569,
17:17:56
[I]
[remote.raw:028]
539, -571, 537, -576, 537, -581, 536, -568, 537, -558, 538, -1714, 536, -566, 545, -561, 537, -573, 542, -570, 537, -580, 536, -1746, 512, -559, 537, -562, 537, -566, 544, -562, 543, -594, 509, -578, 534, -582, 535, -569, 536, -583, 516, -561, 535,
17:17:56
[I]
[remote.raw:028]
-566, 536, -570, 536, -573, 537, -576, 537, -582, 540, -549, 537, -8025, 536, -559, 536, -1740, 512, -567, 536, -570, 536, -575, 535, -600, 513, -1756, 512, -1746, 518, -1730, 513, -586, 512, -591, 512, -594, 511, -1751, 512, -601, 512, -607, 510,
17:17:56
[I]
[remote.raw:028]
-593, 513, -583, 512, -587, 512, -591, 511, -594, 512, -601, 509, -604, 509, -605, 511, -594, 511, -584, 512, -588, 511, -591, 512, -594, 514, -599, 508, -602, 511, -606, 511, -594, 511, -584, 512, -587, 511, -591, 512, -595, 511, -599, 511, -601, 513,
17:17:56
[I]
[remote.raw:028]
-604, 518, -587, 511, -585, 515, -583, 514, -589, 511, -595, 512, -598, 511, -609, 504, -607, 511, -1744, 513, -1735, 516, -1737, 511, -591, 512, -594, 511, -598, 512, -1754, 511, -605, 512, -593, 515, -585, 507, -1741, 513, -589, 512, -594, 512,
17:17:56
[I]
[remote.raw:028]
-1750, 512, -1754, 514, -1754, 512, -1708, 539, -8022, 537, -558, 538, -567, 532, -565, 537, -570, 537, -572, 537, -578, 535, -580, 537, -567, 537, -558, 537, -1715, 537, -1719, 536, -569, 539, -571, 542, -571, 537, -580, 536, -570, 535, -562, 534,
17:17:56
[I]
[remote.raw:028]
-562, 537, -572, 530, -570, 537, -573, 536, -580, 538, -575, 537, -570, 536, -560, 539, -558, 537, -566, 536, -569, 539, -572, 536, -576, 536, -581, 536, -569, 536, -559, 536, -568, 531, -566, 537, -1723, 536, -572, 537, -577, 536, -581, 542, -562,
17:17:56
[I]
[remote.raw:041]
536, -568, 528, -563, 536, -567, 536, -594, 514, -596, 511, -602, 511, -605, 517, -588, 512, -583, 512, -1740, 512, -1743, 511, -1748, 513, -597, 511, -602, 511, -609, 508, -581, 510






On/Off:
Time
Level
Tag
Message
17:18:38
[I]
[remote:088]
Received 78 raw IR codes
17:18:39
[I]
[remote.raw:028]
Received Raw: 8910, -4586, 458, -1790, 458, -1768, 488, -598, 501, -648, 458, -655, 454, -613, 501, -658, 458, -1774, 484, -593, 502, -1767, 484, -1772, 484, -605, 501, -626, 484, -611, 502, -615, 502, -607, 497, -602, 494, -598, 509, -1788, 459, -623,
17:18:39
[I]
[remote.raw:041]
485, -607, 508, -654, 452, -658, 459, -646, 459, -641, 453, -1796, 461, -642, 456, -648, 458, -651, 458, -682, 431, -686, 430, -1828, 430, -694, 406, -717, 379, -696, 405, -737, 369, -733, 376
17:18:39
[I]
[remote:088]
Received 200 raw IR codes
17:18:39
[I]
[remote.raw:028]
Received Raw: 593, -479, 640, -1637, 665, -436, 617, -465, 641, -493, 617, -495, 617, -1653, 616, -1641, 617, -479, 616, -1636, 616, -486, 617, -488, 617, -1646, 616, -497, 616, -501, 616, -488, 616, -480, 616, -483, 615, -488, 592, -514, 615, -494, 616,
17:18:39
[I]
[remote.raw:028]
-497, 615, -502, 592, -513, 592, -503, 593, -507, 615, -487, 616, -490, 592, -518, 592, -521, 593, -523, 593, -514, 591, -502, 593, -507, 593, -509, 594, -512, 596, -514, 594, -519, 595, -522, 601, -505, 593, -530, 566, -560, 538, -565, 539, -568, 537,
17:18:39
[I]
[remote.raw:028]
-573, 537, -577, 535, -580, 537, -568, 537, -558, 539, -560, 540, -563, 537, -569, 536, -574, 536, -577, 536, -581, 536, -568, 537, -558, 537, -1715, 536, -1720, 536, -569, 537, -1726, 536, -577, 538, -1734, 534, -555, 536, -8025, 544, -554, 534, -539,
17:18:39
[I]
[remote.raw:028]
560, -542, 561, -545, 561, -548, 562, -576, 537, -556, 560, -544, 562, -1711, 536, -538, 561, -542, 561, -544, 562, -549, 568, -545, 563, -553, 561, -543, 561, -535, 561, -539, 560, -544, 560, -546, 559, -549, 561, -552, 560, -557, 565, -540, 560,
17:18:39
[I]
[remote.raw:028]
-535, 561, -539, 560, -542, 560, -546, 561, -549, 560, -553, 565, -551, 561, -544, 561, -535, 564, -538, 557, -542, 561, -1723, 535, -550, 560, -557, 556, -580, 536, -545, 561, -560, 535, -563, 540, -563, 536, -570, 536, -574, 535, -578, 536, -556,
17:18:39
[I]
[remote.raw:041]
560, -569, 535, -1713, 536, -563, 537, -566, 535, -1724, 544, -565, 539, -574, 536, -581, 535, -557, 535






Fan:
17:19:09
[I]
[remote:088]
Received 118 raw IR codes
17:19:09
[I]
[remote.raw:028]
Received Raw: 9014, -4480, 594, -1654, 597, -1657, 600, -505, 593, -546, 558, -577, 532, -577, 539, -581, 532, -1722, 536, -559, 542, -1710, 536, -1719, 539, -543, 560, -552, 557, -553, 562, -556, 559, -545, 559, -1688, 560, -539, 568, -535, 568, -538,
17:19:09
[I]
[remote.raw:028]
560, -553, 556, -554, 559, -557, 569, -559, 536, -535, 560, -1717, 536, -566, 538, -568, 536, -573, 536, -577, 536, -581, 535, -1722, 536, -560, 536, -563, 536, -570, 532, -571, 535, -574, 535, -581, 532, -581, 536, -569, 537, -559, 535, -564, 540,
17:19:09
[I]
[remote.raw:041]
-562, 535, -571, 535, -575, 539, -578, 533, -580, 537, -554, 535, -8027, 533, -564, 509, -1741, 511, -598, 504, -599, 507, -600, 509, -604, 509, -1786, 489, -1847, 404
17:19:09
[I]
[remote:088]
Received 186 raw IR codes
17:19:09
[I]
[remote.raw:028]
Received Raw: 404, -655, 482, -608, 508, -571, 534, -561, 535, -564, 535, -567, 535, -571, 535, -575, 535, -577, 536, -581, 536, -569, 535, -560, 535, -564, 536, -567, 535, -571, 535, -574, 536, -577, 536, -581, 535, -569, 535, -561, 535, -564, 535,
17:19:09
[I]
[remote.raw:028]
-567, 536, -571, 535, -574, 535, -578, 535, -582, 535, -570, 535, -559, 536, -1717, 534, -568, 535, -571, 534, -1728, 535, -577, 535, -1735, 535, -556, 535, -8026, 535, -561, 534, -565, 534, -568, 538, -568, 535, -576, 533, -579, 534, -582, 535, -570,
17:19:09
[I]
[remote.raw:028]
534, -1714, 534, -565, 534, -568, 535, -571, 535, -1728, 534, -579, 534, -582, 537, -568, 542, -554, 534, -565, 534, -570, 532, -572, 535, -575, 534, -579, 535, -581, 534, -571, 534, -561, 534, -565, 534, -569, 534, -572, 534, -575, 535, -578, 534,
17:19:09
[I]
[remote.raw:028]
-583, 534, -571, 536, -561, 534, -563, 534, -573, 532, -1722, 534, -576, 534, -578, 534, -583, 534, -571, 533, -562, 534, -565, 534, -569, 533, -573, 533, -576, 533, -580, 533, -584, 535, -569, 534, -1715, 539, -562, 531, -572, 532, -1723, 533, -1729,
17:19:09
[I]
[remote.raw:041]
536, -577, 534, -582, 534, -558, 511






Temp UP:
17:19:56
[I]
[remote:088]
Received 200 raw IR codes
17:19:56
[I]
[remote.raw:028]
Received Raw: 9047, -4479, 562, -1687, 563, -1689, 561, -542, 561, -547, 560, -548, 569, -545, 560, -555, 561, -1697, 560, -535, 561, -1715, 536, -1720, 536, -570, 540, -570, 535, -577, 536, -586, 531, -569, 536, -1712, 536, -563, 539, -564, 536, -570,
17:19:56
[I]
[remote.raw:028]
536, -574, 535, -579, 534, -582, 535, -572, 533, -560, 535, -1717, 535, -567, 536, -570, 536, -580, 530, -577, 536, -581, 535, -1722, 542, -554, 535, -565, 534, -567, 539, -568, 535, -575, 535, -578, 535, -582, 534, -570, 535, -566, 530, -564, 535,
17:19:56
[I]
[remote.raw:028]
-568, 535, -571, 534, -575, 535, -578, 535, -589, 528, -557, 534, -8027, 535, -561, 534, -1717, 537, -565, 536, -571, 534, -575, 538, -575, 535, -1734, 535, -1726, 532, -1713, 535, -1719, 535, -566, 538, -567, 536, -1727, 541, -572, 535, -582, 536,
17:19:56
[I]
[remote.raw:028]
-574, 529, -560, 536, -564, 534, -568, 536, -570, 535, -575, 535, -578, 534, -558, 559, -548, 557, -543, 552, -540, 560, -542, 560, -547, 559, -550, 567, -546, 537, -580, 541, -565, 536, -559, 537, -562, 537, -565, 537, -576, 531, -572, 539, -574, 538,
17:19:56
[I]
[remote.raw:028]
-579, 537, -568, 537, -559, 542, -557, 536, -567, 544, -562, 536, -574, 537, -576, 536, -586, 531, -569, 538, -560, 534, -587, 514, -588, 511, -595, 511, -603, 507, -602, 517, -599, 512, -593, 511, -584, 514, -1738, 511, -592, 511, -602, 504, -1751,
17:19:56
[I]
[remote.raw:028]
511, -601, 511, -1759, 511, -581, 511, -8050, 511, -585, 510, -589, 510, -592, 511, -595, 511, -606, 504, -602, 510, -610, 509, -598, 505, -584, 511, -1742, 510, -592, 510, -597, 510, -599, 510, -603, 511, -605, 514, -591, 511, -585, 510, -589, 510,
17:19:56
[I]
[remote.raw:028]
-592, 510, -596, 511, -605, 504, -603, 510, -607, 510, -595, 510, -585, 511, -588, 511, -592, 510, -602, 506, -597, 511, -603, 510, -606, 510, -1748, 510, -585, 510, -589, 510, -593, 509, -1750, 510, -599, 510, -610, 503, -607, 510, -594, 510, -589,
17:19:56
[I]
[remote.raw:041]
507, -589, 510, -593, 512, -594, 510, -600, 509, -603, 510, -607, 510, -595, 509, -586, 510, -1742, 510, -592, 510, -1749, 515, -595, 517, -596, 509, -607, 509, -1736, 509
17:19:59
[D]
[text_sensor:064]
'Compiled On': Sending state 'innovair-70.yaml at 2025-06-07 16:51:00'





Temp DOWN:
17:20:18
[I]
[remote:088]
Received 200 raw IR codes
17:20:18
[I]
[remote.raw:028]
Received Raw: 9040, -4511, 544, -1704, 542, -1710, 539, -563, 537, -569, 537, -573, 537, -576, 536, -580, 544, -1714, 538, -557, 537, -1714, 537, -1719, 536, -570, 537, -573, 536, -576, 536, -581, 538, -567, 536, -1712, 536, -563, 536, -575, 528, -570,
17:20:18
[I]
[remote.raw:028]
536, -580, 529, -578, 535, -581, 539, -566, 536, -559, 536, -1716, 536, -566, 536, -571, 535, -574, 536, -578, 535, -582, 534, -1722, 544, -552, 541, -558, 536, -566, 536, -574, 532, -574, 540, -573, 535, -588, 529, -569, 536, -560, 535, -564, 535,
17:20:18
[I]
[remote.raw:028]
-568, 534, -572, 535, -574, 535, -578, 535, -582, 535, -557, 535, -8028, 534, -559, 535, -1716, 537, -566, 535, -572, 542, -566, 535, -581, 532, -1733, 543, -1715, 540, -556, 535, -563, 538, -1718, 539, -567, 534, -1728, 539, -574, 535, -582, 534,
17:20:18
[I]
[remote.raw:028]
-570, 535, -561, 535, -564, 535, -567, 535, -571, 535, -575, 535, -578, 535, -581, 535, -571, 534, -560, 535, -564, 535, -568, 536, -570, 540, -570, 535, -578, 534, -582, 535, -570, 534, -564, 532, -565, 534, -568, 541, -565, 535, -574, 536, -582, 530,
17:20:18
[I]
[remote.raw:028]
-582, 534, -578, 527, -561, 534, -565, 535, -572, 530, -572, 533, -576, 534, -583, 530, -583, 534, -570, 538, -559, 533, -565, 535, -567, 534, -575, 531, -576, 534, -578, 534, -583, 536, -568, 534, -1715, 533, -565, 534, -1722, 533, -572, 533, -1735,
17:20:18
[I]
[remote.raw:028]
514, -593, 511, -1758, 512, -580, 511, -8025, 536, -559, 537, -562, 536, -568, 535, -597, 510, -598, 514, -599, 511, -606, 511, -594, 510, -587, 509, -1741, 511, -592, 510, -595, 511, -599, 511, -602, 511, -606, 510, -595, 518, -577, 516, -583, 510,
17:20:18
[I]
[remote.raw:028]
-593, 510, -595, 514, -596, 510, -603, 510, -607, 510, -595, 510, -585, 510, -589, 511, -592, 510, -604, 502, -600, 510, -602, 510, -613, 504, -595, 510, -586, 510, -589, 509, -593, 510, -1749, 509, -603, 508, -602, 510, -607, 510, -595, 516, -579,
17:20:18
[I]
[remote.raw:041]
510, -589, 513, -590, 510, -596, 510, -607, 502, -603, 510, -607, 510, -597, 508, -585, 509, -1746, 511, -594, 503, -1750, 509, -600, 516, -597, 510, -606, 511, -582, 516
